65
0.0   2.5   0.0   0.0   0.0  90.0
1.0   2.5   0.0   0.0   0.0  90.0
-1.0  2.5   0.0   0.0   0.0  90.0
2.0   2.5   0.0   0.0   0.0  90.0
-2.0   2.5   0.0   0.0   0.0  90.0
3.0  2.5   0.0   0.0   0.0  90.0
-3.0  2.5   0.0   0.0   0.0  90.0
4.0  2.5   0.0   0.0   0.0  90.0
-4.0  2.5   0.0   0.0   0.0  90.0
5.0  2.5   0.0   0.0   0.0  90.0
-5.0  2.5   0.0   0.0   0.0  90.0
6.0  2.5   0.0   0.0   0.0  90.0
-6.0  2.5   0.0   0.0   0.0  90.0
0.0   5.5   0.0   0.0   0.0  90.0
1.0   5.5   0.0   0.0   0.0  90.0
-1.0  5.5   0.0   0.0   0.0  90.0
2.0   5.5   0.0   0.0   0.0  90.0
-2.0   5.5   0.0   0.0   0.0  90.0
3.0  5.5   0.0   0.0   0.0  90.0
-3.0  5.5   0.0   0.0   0.0  90.0
4.0  5.5   0.0   0.0   0.0  90.0
-4.0  5.5   0.0   0.0   0.0  90.0
5.0  5.5   0.0   0.0   0.0  90.0
-5.0  5.5   0.0   0.0   0.0  90.0
6.0  5.5   0.0   0.0   0.0  90.0
-6.0  5.5   0.0   0.0   0.0  90.0
0.0   8.5   0.0   0.0   0.0  90.0
1.0   8.5   0.0   0.0   0.0  90.0
-1.0  8.5   0.0   0.0   0.0  90.0
2.0   8.5   0.0   0.0   0.0  90.0
-2.0   8.5   0.0   0.0   0.0  90.0
3.0  8.5   0.0   0.0   0.0  90.0
-3.0  8.5   0.0   0.0   0.0  90.0
4.0  8.5   0.0   0.0   0.0  90.0
-4.0  8.5   0.0   0.0   0.0  90.0
5.0  8.5   0.0   0.0   0.0  90.0
-5.0  8.5   0.0   0.0   0.0  90.0
6.0  8.5   0.0   0.0   0.0  90.0
-6.0  8.5   0.0   0.0   0.0  90.0
0.0   11.5   0.0   0.0   0.0  90.0
1.0   11.5   0.0   0.0   0.0  90.0
-1.0  11.5   0.0   0.0   0.0  90.0
2.0   11.5   0.0   0.0   0.0  90.0
-2.0   11.5   0.0   0.0   0.0  90.0
3.0  11.5   0.0   0.0   0.0  90.0
-3.0  11.5   0.0   0.0   0.0  90.0
4.0  11.5   0.0   0.0   0.0  90.0
-4.0  11.5   0.0   0.0   0.0  90.0
5.0  11.5   0.0   0.0   0.0  90.0
-5.0  11.5   0.0   0.0   0.0  90.0
6.0  11.5   0.0   0.0   0.0  90.0
-6.0  11.5   0.0   0.0   0.0  90.0
0.0   14.5   0.0   0.0   0.0  90.0
1.0   14.5   0.0   0.0   0.0  90.0
-1.0  14.5   0.0   0.0   0.0  90.0
2.0   14.5   0.0   0.0   0.0  90.0
-2.0   14.5   0.0   0.0   0.0  90.0
3.0  14.5   0.0   0.0   0.0  90.0
-3.0  14.5   0.0   0.0   0.0  90.0
4.0  14.5   0.0   0.0   0.0  90.0
-4.0  14.5   0.0   0.0   0.0  90.0
5.0  14.5   0.0   0.0   0.0  90.0
-5.0  14.5   0.0   0.0   0.0  90.0
6.0  14.5   0.0   0.0   0.0  90.0
-6.0  14.5   0.0   0.0   0.0  90.0
