25
-0.2   2.5   0.0   0.0   0.0  90.0
-0.2   5.5   0.0   0.0   0.0  90.0
-0.2   8.5   0.0   0.0   0.0  90.0
2.2   2.5   0.0   0.0   0.0  90.0
2.2   5.5   0.0   0.0   0.0  90.0
2.2   8.5   0.0   0.0   0.0  90.0
1.0   10.3   0.0   0.0   0.0  0.0
1.0   10.9   0.0   0.0   0.0  0.0
-0.2   2.5   2.0   0.0   0.0  90.0
-0.2   5.5   2.0   0.0   0.0  90.0
-0.2   8.5   2.0   0.0   0.0  90.0
2.2   2.5   2.0   0.0   0.0  90.0
2.2   5.5   2.0   0.0   0.0  90.0
2.2   8.5   2.0   0.0   0.0  90.0
1.0   10.3   2.0   0.0   0.0  0.0
1.0   10.9   2.0   0.0   0.0  0.0
1.0   11.5   1.0   0.0   90.0  0.0
0.0   11.5   1.0   0.0   90.0  0.0
2.0   11.5   1.0   0.0   90.0  0.0
1.0   12.1   2.0   0.0   0.0  0.0
1.0   12.1   0.0   0.0   0.0  0.0
1.0   12.1   1.0   0.0   0.0  0.0
1.0   12.7   1.0   0.0   90.0  0.0
0.0   12.7   1.0   0.0   90.0  0.0
2.0   12.7   1.0   0.0   90.0  0.0
